version https://git-lfs.github.com/spec/v1
oid sha256:edaa665aed55b88fa83768c4b4c495f8f793ff294f79c7181550740995d278bf
size 335839959
